bias: -0.413856
i_0: 0
i_1: -0.272359
i_2: 0.438479
i_3: -0.154251
i_4: -0.211543
i_5: 0.00574958
i_6: 0.174601
i_7: 0.0419466
i_8: -0.282228
i_9: 0.278724
i_10: -0.159345
i_11: -0.0755117
i_12: 0.064464
i_13: 0.00324992
i_14: -0.0271239
i_15: 0.554699
i_16: -0.460701
v_0_0: 6.63447e-06 0.0250983 0.177496 0.263169 0.285703
v_0_1: 0.055989 0.152001 0.117477 0.0775996 0.219456
v_0_2: 0.026431 0.165405 0.171851 0.238952 0.174711
v_0_3: 0.151038 0.258748 0.29371 0.214349 0.285306
v_0_4: 0.087693 0.125754 0.265497 0.19274 0.266098
v_0_5: 0.283807 0.0486168 0.253244 0.267665 0.086785
v_0_6: 0.276343 0.122387 0.0910444 0.151976 0.116715
v_0_7: 0.233114 0.203408 0.160648 0.174856 0.0276359
v_0_8: 0.179896 0.127586 0.176964 0.24939 0.145332
v_0_9: 0.228114 0.0211518 0.0566293 0.0660003 0.230334
v_0_10: 0.0247838 0.0535254 0.182025 0.17094 0.218216
v_0_11: 0.0927193 0.129529 0.121602 0.268269 0.29289
v_0_12: 0.170325 0.0483835 0.206176 0.0988341 0.134529
v_0_13: 0.0224966 0.0380159 0.0515126 0.130395 0.0110095
v_0_14: 0.148809 0.137963 0.170903 0.198972 0.0275714
v_0_15: 0.0196882 0.245781 0.115049 0.0563354 0.0488192
v_0_16: 0.282925 0.292447 0.0335198 0.256979 0.183664
v_0_17: 0.198541 0.181242 0.173468 0.0445408 0.0752703
v_0_18: 0.235816 0.175044 0.264657 0.0802012 0.0584273
v_0_19: 0.0798355 0.116992 0.0283149 0.191289 0.186706
v_0_20: 0.0369213 0.0446498 0.0262255 0.280067 0.159575
v_0_21: 0.0125751 0.162331 0.21697 0.143019 0.137397
v_0_22: 0.00214149 0.065685 0.0608566 0.16868 0.0339462
v_0_23: 0.178445 0.0502179 0.206023 0.0720287 0.196189
v_0_24: 0.0122059 0.0512554 0.107983 0.221812 0.11611
v_0_25: 0.243483 0.166317 0.222285 0.204427 0.0941709
v_0_26: 0.244523 0.157188 0.230346 0.0435522 0.172769
v_0_27: 0.233953 0.281121 0.269344 0.231298 0.23447
v_0_28: 0.16885 0.00277699 0.0451355 0.150548 0.224704
v_0_29: 0.0872477 0.177524 0.165266 0.250038 0.148812
v_0_30: 0.269023 0.0915047 0.234204 0.290019 0.018784
v_0_31: 0.28467 0.0655886 0.132398 0.181167 0.0895854
v_0_32: 0.270794 0.0165905 0.0696632 0.236695 0.128793
v_0_33: 0.290383 0.181172 0.0150717 0.24841 0.0707806
v_0_34: 0.163005 0.0309032 0.280134 0.157851 0.0527666
v_0_35: 0.153899 0.246521 0.0973971 0.129902 0.0937544
v_0_36: 0.208761 0.288626 0.0599588 0.216969 0.106853
v_0_37: 0.28147 0.0100956 0.0146011 0.259638 0.168991
v_0_38: 0.289787 0.0179592 0.0202567 0.239561 0.0351653
v_0_39: 0.289018 0.0907002 0.0666548 0.241012 0.119944
v_0_40: 0.254423 0.182718 0.290237 0.222716 0.0554473
v_0_41: 0.270364 0.196733 0.0107711 0.152603 0.245154
v_0_42: 0.216984 0.26672 0.219218 0.051946 0.0943894
v_0_43: 0.167292 0.0514814 0.0968665 0.196375 0.116461
v_0_44: 0.0742471 0.137118 0.114865 0.0540937 0.161288
v_0_45: 0.0760039 0.226723 0.18021 0.241751 0.0580003
v_0_46: 0.128274 0.0417041 0.0989271 0.197564 0.268157
v_0_47: 0.23667 0.0892261 0.0460144 0.0732138 0.139147
v_0_48: 0.088762 0.075481 0.0763232 0.293383 0.0881839
v_0_49: 0.206247 0.26894 0.250105 0.141316 0.0204787
v_0_50: 0.0308986 0.0566078 0.208547 0.00240457 0.0725715
v_1_0: 0.129768 0.145183 0.114999 0.00502708 0.0400407
v_1_1: 3.68168e-18 3.12842e-18 4.47316e-18 3.1643e-18 9.09109e-18
v_1_2: -5.45737e-18 -4.63769e-18 -6.63679e-18 -4.69162e-18 -1.29911e-17
v_1_3: -4.06746e-18 -3.4583e-18 -4.94887e-18 -3.49705e-18 -1.01389e-17
v_1_4: -1.21238e-17 -1.03019e-17 -1.47404e-17 -1.04206e-17 -2.94606e-17
v_1_5: -9.83869e-19 -8.36268e-19 -1.1983e-18 -8.46118e-19 -2.36825e-18
v_1_6: 1.44931e-18 1.23098e-18 1.76049e-18 1.24726e-18 3.54102e-18
v_1_7: 1.04682e-18 8.89221e-19 1.27141e-18 9.00026e-19 2.28922e-18
v_1_8: 5.82876e-18 4.96402e-18 7.10761e-18 5.03297e-18 1.45162e-17
v_1_9: 6.02464e-19 5.11798e-19 7.31955e-19 5.18263e-19 1.52337e-18
v_1_10: -2.65773e-18 -2.25787e-18 -3.23006e-18 -2.28351e-18 -6.08814e-18
v_1_11: -2.69135e-19 -2.29257e-19 -3.28099e-19 -2.31041e-19 -7.15436e-19
v_1_12: -5.19723e-18 -4.42041e-18 -6.33075e-18 -4.4571e-18 -1.28322e-17
v_1_13: -2.55827e-18 -2.17575e-18 -3.10983e-18 -2.20049e-18 -6.24539e-18
v_1_14: -7.53741e-18 -6.40496e-18 -9.16833e-18 -6.4776e-18 -1.88667e-17
v_1_15: -7.89542e-18 -6.70916e-18 -9.59933e-18 -6.78606e-18 -1.9852e-17
v_1_16: 1.96761e-18 1.67198e-18 2.39169e-18 1.69062e-18 5.07598e-18
v_1_17: 3.84408e-18 3.26832e-18 4.67621e-18 3.30518e-18 9.73617e-18
v_1_18: -1.67909e-18 -1.42789e-18 -2.04251e-18 -1.44301e-18 -4.07454e-18
v_1_19: 1.29086e-18 1.09694e-18 1.56915e-18 1.10953e-18 3.87081e-18
v_1_20: 1.17891e-18 1.00153e-18 1.43212e-18 1.01366e-18 3.11913e-18
v_1_21: 3.86924e-19 3.28561e-19 4.69594e-19 3.32371e-19 9.81437e-19
v_1_22: -1.9307e-18 -1.64328e-18 -2.35328e-18 -1.66105e-18 -4.85841e-18
v_1_23: -1.67367e-17 -1.42284e-17 -2.0371e-17 -1.43614e-17 -4.15386e-17
v_1_24: -2.70906e-19 -2.30759e-19 -3.29844e-19 -2.327e-19 -5.90644e-19
v_1_25: 6.99023e-18 5.94054e-18 8.50002e-18 6.0098e-18 1.70806e-17
v_1_26: 5.32078e-18 4.52e-18 6.46791e-18 4.57223e-18 1.38006e-17
v_1_27: -6.66991e-19 -5.67306e-19 -8.11924e-19 -5.72941e-19 -1.61116e-18
v_1_28: -1.04571e-18 -8.89481e-19 -1.27199e-18 -8.98865e-19 -2.9503e-18
v_1_29: 5.01741e-18 4.2627e-18 6.09901e-18 4.31299e-18 1.26451e-17
v_1_30: -2.41569e-18 -2.05512e-18 -2.94092e-18 -2.07765e-18 -5.86234e-18
v_1_31: -8.70853e-19 -7.40394e-19 -1.05987e-18 -7.48509e-19 -2.1355e-18
v_1_32: 1.60287e-18 1.3615e-18 1.94836e-18 1.37835e-18 3.73913e-18
v_1_33: -5.79233e-18 -4.9229e-18 -7.04402e-18 -4.97922e-18 -1.44074e-17
v_1_34: -4.565e-18 -3.87908e-18 -5.55077e-18 -3.92358e-18 -1.1456e-17
v_1_35: -4.24499e-18 -3.60657e-18 -5.16031e-18 -3.64909e-18 -1.06836e-17
v_1_36: -1.43027e-18 -1.21678e-18 -1.74119e-18 -1.2285e-18 -3.49145e-18
v_1_37: -7.41963e-18 -6.30492e-18 -9.02035e-18 -6.37767e-18 -1.77843e-17
v_1_38: 1.56807e-18 1.33294e-18 1.90685e-18 1.34955e-18 3.21818e-18
v_1_39: -7.904e-19 -6.72672e-19 -9.62985e-19 -6.79058e-19 -1.97653e-18
v_1_40: 6.83701e-19 5.81111e-19 8.32187e-19 5.87349e-19 1.56059e-18
v_1_41: -1.7707e-18 -1.50576e-18 -2.15382e-18 -1.52124e-18 -4.38716e-18
v_1_42: -2.10884e-18 -1.79287e-18 -2.5667e-18 -1.81295e-18 -5.22721e-18
v_1_43: -1.45805e-17 -1.23938e-17 -1.77475e-17 -1.25139e-17 -3.62973e-17
v_1_44: -7.40917e-20 -6.34649e-20 -9.08922e-20 -6.3453e-20 -1.32652e-19
v_1_45: 3.13171e-18 2.66011e-18 3.80193e-18 2.69319e-18 7.87566e-18
v_1_46: -1.68718e-18 -1.43441e-18 -2.05197e-18 -1.4496e-18 -4.12522e-18
v_1_47: -1.38812e-18 -1.18019e-18 -1.68892e-18 -1.19346e-18 -3.34009e-18
v_1_48: -3.67622e-19 -3.12363e-19 -4.46438e-19 -3.16327e-19 -8.76686e-19
v_1_49: -3.30421e-18 -2.80751e-18 -4.01709e-18 -2.8416e-18 -7.72526e-18
v_1_50: 3.07368e-18 2.60999e-18 3.73327e-18 2.6416e-18 9.00748e-18
v_2_0: 0.0927099 0.265075 0.229554 0.175091 0.178781
v_2_1: 7.68152e-18 6.5286e-18 9.33933e-18 6.6047e-18 1.77963e-17
v_2_2: 4.71371e-18 4.00793e-18 5.73118e-18 4.05156e-18 1.11527e-17
v_2_3: 7.31942e-18 6.22199e-18 8.89994e-18 6.29284e-18 1.80671e-17
v_2_4: 6.605e-18 5.61266e-18 8.03097e-18 5.68002e-18 1.57931e-17
v_2_5: 6.73928e-18 5.72602e-18 8.19231e-18 5.79376e-18 1.61411e-17
v_2_6: 9.74694e-19 8.28347e-19 1.18523e-18 8.38302e-19 2.72375e-18
v_2_7: 6.27401e-18 5.33139e-18 7.62648e-18 5.39444e-18 1.5516e-17
v_2_8: 1.21239e-18 1.03005e-18 1.47295e-18 1.04358e-18 3.1074e-18
v_2_9: 3.20372e-18 2.72215e-18 3.89467e-18 2.75485e-18 7.96334e-18
v_2_10: 8.15645e-18 6.92952e-18 9.91475e-18 7.01077e-18 1.98691e-17
v_2_11: 5.80719e-19 4.92688e-19 7.04801e-19 4.9987e-19 1.41898e-18
v_2_12: 1.04076e-17 8.84517e-18 1.26581e-17 8.93752e-18 2.61102e-17
v_2_13: 3.20117e-18 2.72091e-18 3.89424e-18 2.74779e-18 7.93398e-18
v_2_14: 1.27692e-17 1.08545e-17 1.55326e-17 1.09797e-17 3.20555e-17
v_2_15: 1.39327e-18 1.18406e-18 1.69395e-18 1.19907e-18 3.55292e-18
v_2_16: 8.40278e-19 7.14165e-19 1.02162e-18 7.22998e-19 2.49847e-18
v_2_17: -2.78552e-17 -2.36784e-17 -3.38847e-17 -2.3918e-17 -6.9291e-17
v_2_18: 6.96139e-19 5.92297e-19 8.46393e-19 5.97086e-19 1.61495e-18
v_2_19: 7.3939e-18 6.28362e-18 8.98974e-18 6.35809e-18 1.80881e-17
v_2_20: 2.94154e-18 2.49859e-18 3.57576e-18 2.52812e-18 7.10053e-18
v_2_21: -8.91942e-20 -7.52207e-20 -1.07649e-19 -7.69858e-20 -1.73631e-19
v_2_22: 2.26153e-17 1.92196e-17 2.75049e-17 1.94388e-17 5.6086e-17
v_2_23: 5.8894e-18 5.00517e-18 7.16209e-18 5.06358e-18 1.46069e-17
v_2_24: 2.36268e-18 2.00542e-18 2.8701e-18 2.02986e-18 5.34025e-18
v_2_25: 6.70421e-19 5.69584e-19 8.16463e-19 5.76771e-19 1.58471e-18
v_2_26: 2.55006e-18 2.16749e-18 3.10094e-18 2.19185e-18 6.24031e-18
v_2_27: 1.54241e-18 1.30925e-18 1.8732e-18 1.32696e-18 3.80416e-18
v_2_28: 8.58259e-19 7.28065e-19 1.04164e-18 7.37911e-19 3.29935e-18
v_2_29: -4.61444e-20 -3.88934e-20 -5.63205e-20 -3.94308e-20 -4.6555e-20
v_2_30: -2.21707e-19 -1.85562e-19 -2.65677e-19 -1.89306e-19 -3.66501e-19
v_2_31: -8.98975e-20 -7.67492e-20 -1.10398e-19 -7.60471e-20 -1.83315e-19
v_2_32: 1.01935e-17 8.66278e-18 1.23957e-17 8.76402e-18 2.53558e-17
v_2_33: 4.24683e-18 3.60859e-18 5.16262e-18 3.65281e-18 1.03183e-17
v_2_34: 1.66111e-18 1.41196e-18 2.01925e-18 1.42889e-18 4.04527e-18
v_2_35: 7.4663e-21 6.5329e-21 8.79082e-21 6.84935e-21 8.74896e-20
v_2_36: 9.53124e-19 8.10605e-19 1.16079e-18 8.19283e-19 2.31134e-18
v_2_37: -4.48202e-19 -3.8145e-19 -5.4586e-19 -3.8488e-19 -1.14161e-18
v_2_38: 4.67671e-18 3.97595e-18 5.69002e-18 4.02162e-18 1.13925e-17
v_2_39: -8.22079e-19 -6.9901e-19 -1.00031e-18 -7.06875e-19 -2.05356e-18
v_2_40: 1.49436e-18 1.27015e-18 1.81726e-18 1.28535e-18 3.72208e-18
v_2_41: 5.30438e-19 4.50194e-19 6.42972e-19 4.57035e-19 6.83299e-19
v_2_42: -7.33277e-19 -6.23334e-19 -8.92749e-19 -6.30554e-19 -2.29889e-18
v_2_43: 1.68165e-18 1.43011e-18 2.04956e-18 1.44903e-18 4.04244e-18
v_2_44: 2.09486e-18 1.77845e-18 2.54463e-18 1.80202e-18 5.06303e-18
v_2_45: 6.8652e-18 5.83501e-18 8.34553e-18 5.90249e-18 1.70141e-17
v_2_46: 1.89581e-18 1.61117e-18 2.30534e-18 1.63041e-18 4.35519e-18
v_2_47: -1.72261e-18 -1.46457e-18 -2.09557e-18 -1.48134e-18 -4.51732e-18
v_2_48: 1.70959e-18 1.4512e-18 2.07726e-18 1.46963e-18 4.03051e-18
v_2_49: 1.6982e-17 1.44324e-17 2.06512e-17 1.46e-17 4.19622e-17
v_2_50: 7.96902e-18 6.77218e-18 9.6881e-18 6.85156e-18 1.97475e-17
v_3_0: 0.266668 0.0645755 0.226051 0.175405 0.289131
v_3_1: -2.7816e-19 -2.37686e-19 -3.41073e-19 -2.39163e-19 -6.04743e-19
v_3_2: -8.25269e-18 -7.0138e-18 -1.00373e-17 -7.09554e-18 -2.02894e-17
v_3_3: -1.27259e-18 -1.08193e-18 -1.54791e-18 -1.09434e-18 -2.75725e-18
v_3_4: -2.49636e-17 -2.12139e-17 -3.03528e-17 -2.14584e-17 -6.22045e-17
v_3_5: 3.48997e-18 2.96551e-18 4.24155e-18 2.99993e-18 8.64369e-18
v_3_6: -5.0945e-18 -4.3317e-18 -6.19663e-18 -4.38077e-18 -1.22253e-17
v_3_7: 4.52542e-18 3.84577e-18 5.50024e-18 3.88974e-18 1.10942e-17
v_3_8: 1.38596e-18 1.17745e-18 1.68424e-18 1.19186e-18 3.53396e-18
v_3_9: -1.62611e-18 -1.38271e-18 -1.97789e-18 -1.39929e-18 -4.00406e-18
v_3_10: 4.03247e-18 3.42914e-18 4.89832e-18 3.46705e-18 1.00797e-17
v_3_11: 7.72224e-19 6.5556e-19 9.38637e-19 6.62486e-19 1.99166e-18
v_3_12: -1.86044e-18 -1.58104e-18 -2.26194e-18 -1.59928e-18 -4.6038e-18
v_3_13: 1.78152e-18 1.51406e-18 2.16769e-18 1.52385e-18 4.29876e-18
v_3_14: 3.01487e-18 2.55526e-18 3.6769e-18 2.58937e-18 8.12415e-18
v_3_15: -1.89709e-18 -1.61215e-18 -2.30765e-18 -1.63109e-18 -4.66465e-18
v_3_16: 1.43767e-18 1.22176e-18 1.74372e-18 1.23448e-18 3.97097e-18
v_3_17: -2.15772e-17 -1.83356e-17 -2.62454e-17 -1.85581e-17 -5.24632e-17
v_3_18: -3.47981e-19 -2.9606e-19 -4.21839e-19 -3.00479e-19 6.91305e-20
v_3_19: 2.09926e-18 1.78295e-18 2.55121e-18 1.80427e-18 5.3282e-18
v_3_20: -3.49668e-18 -2.97304e-18 -4.25479e-18 -3.0095e-18 -8.14114e-18
v_3_21: -9.54976e-19 -8.11634e-19 -1.16147e-18 -8.22023e-19 -2.15432e-18
v_3_22: -2.25267e-17 -1.91503e-17 -2.73978e-17 -1.93719e-17 -5.52998e-17
v_3_23: 9.72944e-18 8.27769e-18 1.1851e-17 8.37054e-18 2.40203e-17
v_3_24: -1.01993e-18 -8.66423e-19 -1.23856e-18 -8.76406e-19 -2.03451e-18
v_3_25: 3.3787e-18 2.86969e-18 4.10515e-18 2.90387e-18 8.57733e-18
v_3_26: -2.06871e-18 -1.75842e-18 -2.51541e-18 -1.77822e-18 -5.02817e-18
v_3_27: 1.27499e-18 1.0822e-18 1.54886e-18 1.09485e-18 3.19224e-18
v_3_28: -1.3063e-17 -1.10999e-17 -1.58808e-17 -1.12307e-17 -3.26152e-17
v_3_29: -4.13632e-19 -3.52176e-19 -5.0436e-19 -3.56312e-19 -7.52837e-19
v_3_30: -5.02464e-18 -4.27314e-18 -6.11605e-18 -4.32231e-18 -1.24689e-17
v_3_31: -2.86861e-18 -2.43879e-18 -3.48928e-18 -2.46567e-18 -7.15788e-18
v_3_32: -1.27591e-18 -1.08643e-18 -1.55489e-18 -1.09835e-18 -3.00292e-18
v_3_33: -5.20138e-19 -4.42991e-19 -6.34433e-19 -4.46976e-19 -1.21676e-18
v_3_34: -4.78375e-18 -4.06519e-18 -5.817e-18 -4.11176e-18 -1.10093e-17
v_3_35: 2.07611e-18 1.76435e-18 2.52452e-18 1.7849e-18 5.19866e-18
v_3_36: 2.31333e-18 1.96515e-18 2.81514e-18 1.98968e-18 5.83969e-18
v_3_37: -7.12414e-18 -6.05481e-18 -8.66243e-18 -6.12354e-18 -1.78119e-17
v_3_38: -4.76958e-18 -4.05245e-18 -5.79796e-18 -4.10055e-18 -1.0926e-17
v_3_39: -1.25302e-18 -1.0657e-18 -1.52477e-18 -1.07856e-18 -2.5757e-18
v_3_40: -2.37214e-18 -2.01634e-18 -2.88602e-18 -2.0402e-18 -5.80118e-18
v_3_41: -9.20667e-19 -7.82462e-19 -1.11928e-18 -7.91993e-19 -2.18937e-18
v_3_42: -3.58729e-18 -3.05101e-18 -4.36591e-18 -3.0842e-18 -8.81666e-18
v_3_43: 1.57316e-17 1.33674e-17 1.91397e-17 1.35346e-17 3.91288e-17
v_3_44: 5.23698e-18 4.45005e-18 6.3671e-18 4.5015e-18 1.30284e-17
v_3_45: 2.1254e-18 1.80601e-18 2.58405e-18 1.8287e-18 5.33907e-18
v_3_46: -6.44838e-18 -5.48149e-18 -7.84359e-18 -5.54455e-18 -1.6019e-17
v_3_47: -3.52486e-18 -2.9964e-18 -4.28778e-18 -3.0307e-18 -8.98226e-18
v_3_48: 3.31524e-18 2.81623e-18 4.02936e-18 2.84923e-18 6.4673e-18
v_3_49: 1.66631e-18 1.41506e-18 2.02578e-18 1.43037e-18 4.39002e-18
v_3_50: 4.38698e-18 3.72956e-18 5.33111e-18 3.77287e-18 1.10051e-17
v_4_0: 0.18436 0.14841 0.0233867 0.205034 0.16333
v_4_1: -3.81037e-19 -3.23395e-19 -4.6224e-19 -3.27967e-19 -1.12556e-18
v_4_2: 1.6316e-18 1.39001e-18 1.991e-18 1.40437e-18 4.33316e-18
v_4_3: 4.52682e-18 3.84716e-18 5.50399e-18 3.89135e-18 1.11515e-17
v_4_4: -9.07821e-18 -7.71327e-18 -1.10358e-17 -7.80386e-18 -2.23976e-17
v_4_5: 2.20516e-18 1.87373e-18 2.6833e-18 1.89746e-18 5.61891e-18
v_4_6: 1.76868e-18 1.5027e-18 2.15001e-18 1.51991e-18 4.45616e-18
v_4_7: 2.57226e-18 2.18604e-18 3.12673e-18 2.21102e-18 6.56309e-18
v_4_8: 4.22186e-17 3.59123e-17 5.14077e-17 3.63091e-17 1.04689e-16
v_4_9: 3.45553e-18 2.9383e-18 4.20232e-18 2.97218e-18 8.69385e-18
v_4_10: -1.07221e-18 -9.07733e-19 -1.29928e-18 -9.16737e-19 -2.70532e-18
v_4_11: 2.18153e-18 1.85322e-18 2.6519e-18 1.87543e-18 5.36052e-18
v_4_12: -3.07221e-18 -2.61091e-18 -3.73916e-18 -2.63537e-18 -7.33406e-18
v_4_13: 2.36765e-18 2.01507e-18 2.88005e-18 2.03743e-18 4.71104e-18
v_4_14: -1.01011e-16 -8.58578e-17 -1.22835e-16 -8.68827e-17 -2.50842e-16
v_4_15: -1.45003e-18 -1.23127e-18 -1.76156e-18 -1.24651e-18 -8.07508e-19
v_4_16: -2.91796e-18 -2.47991e-18 -3.54618e-18 -2.50806e-18 -7.03256e-18
v_4_17: 1.15207e-17 9.79192e-18 1.4015e-17 9.88985e-18 2.86591e-17
v_4_18: 5.21594e-18 4.43461e-18 6.34455e-18 4.48229e-18 1.30334e-17
v_4_19: 1.08571e-17 9.22504e-18 1.31999e-17 9.33394e-18 2.76656e-17
v_4_20: -2.54456e-18 -2.16245e-18 -3.09306e-18 -2.18718e-18 -5.92226e-18
v_4_21: -7.12469e-19 -6.0573e-19 -8.64821e-19 -6.12701e-19 -1.81001e-18
v_4_22: 6.47074e-18 5.49739e-18 7.86869e-18 5.56505e-18 1.51941e-17
v_4_23: 1.00123e-17 8.52426e-18 1.21968e-17 8.61104e-18 2.46166e-17
v_4_24: 1.83398e-18 1.55847e-18 2.23216e-18 1.5759e-18 4.68579e-18
v_4_25: 1.03152e-18 8.76193e-19 1.25368e-18 8.86821e-19 2.66678e-18
v_4_26: 4.33686e-18 3.68607e-18 5.27655e-18 3.72926e-18 1.04604e-17
v_4_27: 2.12994e-18 1.80966e-18 2.58941e-18 1.83082e-18 5.48306e-18
v_4_28: -9.53172e-19 -8.08236e-19 -1.15656e-18 -8.20234e-19 -2.34559e-18
v_4_29: 1.29412e-18 1.10029e-18 1.57523e-18 1.11218e-18 3.30287e-18
v_4_30: -1.01811e-18 -8.63408e-19 -1.23547e-18 -8.74807e-19 -2.62681e-18
v_4_31: -2.96535e-19 -2.5161e-19 -3.58404e-19 -2.5313e-19 -7.93968e-19
v_4_32: 6.61941e-18 5.62742e-18 8.05109e-18 5.69086e-18 1.66937e-17
v_4_33: -2.30471e-20 -2.0041e-20 -2.88423e-20 -1.93675e-20 -9.61417e-20
v_4_34: -2.22988e-18 -1.89454e-18 -2.71075e-18 -1.91734e-18 -5.64016e-18
v_4_35: -4.45955e-18 -3.78992e-18 -5.42229e-18 -3.83296e-18 -1.10333e-17
v_4_36: 1.91783e-18 1.62785e-18 2.32931e-18 1.64939e-18 4.78133e-18
v_4_37: -6.36734e-18 -5.41127e-18 -7.74076e-18 -5.47367e-18 -1.57406e-17
v_4_38: -6.09315e-18 -5.17763e-18 -7.40713e-18 -5.23756e-18 -1.58591e-17
v_4_39: 1.52191e-18 1.29406e-18 1.84967e-18 1.30809e-18 4.03459e-18
v_4_40: -3.17728e-18 -2.69991e-18 -3.86175e-18 -2.73159e-18 -7.83906e-18
v_4_41: -7.30749e-18 -6.20945e-18 -8.88479e-18 -6.28117e-18 -1.79266e-17
v_4_42: 1.47157e-18 1.25121e-18 1.7889e-18 1.26692e-18 3.45077e-18
v_4_43: -1.19442e-16 -1.01527e-16 -1.45205e-16 -1.02677e-16 -2.96748e-16
v_4_44: -5.08868e-20 -4.35895e-20 -6.24096e-20 -4.31774e-20 -1.26615e-19
v_4_45: 3.70442e-18 3.14935e-18 4.5035e-18 3.18637e-18 9.30448e-18
v_4_46: 9.39308e-19 7.97818e-19 1.14153e-18 8.06266e-19 2.46321e-18
v_4_47: 3.74253e-18 3.18138e-18 4.55204e-18 3.21672e-18 8.85882e-18
v_4_48: 5.16133e-19 4.38395e-19 6.26899e-19 4.43426e-19 1.29145e-18
v_4_49: 1.51855e-17 1.29076e-17 1.84679e-17 1.30575e-17 3.80429e-17
v_4_50: 4.05336e-18 3.44399e-18 4.92782e-18 3.48501e-18 9.52308e-18
v_5_0: 0.199787 0.142719 0.145706 0.282324 0.162746
v_5_1: 1.50177e-18 1.27675e-18 1.82602e-18 1.2915e-18 3.60255e-18
v_5_2: -4.51623e-18 -3.841e-18 -5.49695e-18 -3.8847e-18 -1.12849e-17
v_5_3: -1.69851e-19 -1.43495e-19 -2.05567e-19 -1.45733e-19 -3.04684e-20
v_5_4: -5.78138e-18 -4.9142e-18 -7.02877e-18 -4.97317e-18 -1.35274e-17
v_5_5: -2.16051e-19 -1.83564e-19 -2.6124e-19 -1.85503e-19 -5.41486e-19
v_5_6: -2.82731e-18 -2.40271e-18 -3.43652e-18 -2.43112e-18 -6.98835e-18
v_5_7: 7.84481e-19 6.66403e-19 9.53837e-19 6.74347e-19 1.86777e-18
v_5_8: 2.95625e-19 2.50953e-19 3.59509e-19 2.53479e-19 7.43107e-19
v_5_9: -5.07726e-19 -4.29903e-19 -6.1589e-19 -4.30892e-19 -1.18953e-18
v_5_10: -1.37569e-18 -1.16835e-18 -1.67272e-18 -1.18097e-18 -3.43527e-18
v_5_11: -5.81305e-19 -4.94163e-19 -7.07147e-19 -4.99921e-19 -1.34962e-18
v_5_12: -3.30635e-18 -2.81094e-18 -4.03126e-18 -2.82264e-18 -8.31934e-18
v_5_13: -3.21137e-18 -2.7324e-18 -3.91138e-18 -2.76337e-18 -7.92828e-18
v_5_14: -4.77664e-18 -4.0597e-18 -5.80843e-18 -4.10728e-18 -1.18556e-17
v_5_15: -6.54641e-19 -5.56875e-19 -7.99081e-19 -5.63485e-19 -1.73006e-18
v_5_16: 3.37402e-18 2.86795e-18 4.10203e-18 2.90073e-18 8.44429e-18
v_5_17: 2.2553e-17 1.91605e-17 2.7415e-17 1.93938e-17 5.59203e-17
v_5_18: -1.54423e-18 -1.31286e-18 -1.87835e-18 -1.32881e-18 -3.70902e-18
v_5_19: 2.88224e-18 2.44885e-18 3.50387e-18 2.47552e-18 7.07439e-18
v_5_20: -1.06165e-18 -9.04234e-19 -1.29031e-18 -9.14412e-19 -2.7682e-18
v_5_21: 1.73442e-18 1.47348e-18 2.10889e-18 1.48956e-18 4.34394e-18
v_5_22: -5.35064e-18 -4.54982e-18 -6.511e-18 -4.59818e-18 -1.35872e-17
v_5_23: -1.99989e-17 -1.69861e-17 -2.43041e-17 -1.71935e-17 -4.95748e-17
v_5_24: 2.00006e-18 1.69969e-18 2.43184e-18 1.71958e-18 4.99336e-18
v_5_25: 2.28356e-19 1.94158e-19 2.78035e-19 1.96131e-19 7.93735e-19
v_5_26: -1.92414e-19 -1.63941e-19 -2.33469e-19 -1.66239e-19 -5.73723e-19
v_5_27: -1.04328e-19 -8.89884e-20 -1.27299e-19 -8.96383e-20 -7.90122e-20
v_5_28: -8.6283e-19 -7.33522e-19 -1.04953e-18 -7.41462e-19 -2.14014e-18
v_5_29: 6.03641e-19 5.12859e-19 7.33708e-19 5.19782e-19 1.63939e-18
v_5_30: -3.13835e-18 -2.66801e-18 -3.81886e-18 -2.69827e-18 -7.74425e-18
v_5_31: -1.04728e-18 -8.90433e-19 -1.27341e-18 -9.01449e-19 -2.42836e-18
v_5_32: -9.15713e-20 -7.71286e-20 -1.1019e-19 -7.84923e-20 -5.88452e-19
v_5_33: 1.03072e-18 8.75699e-19 1.25285e-18 8.86054e-19 2.49961e-18
v_5_34: -3.07752e-19 -2.61716e-19 -3.7425e-19 -2.64353e-19 -7.04314e-19
v_5_35: 7.42043e-19 6.30626e-19 9.0139e-19 6.37772e-19 1.80256e-18
v_5_36: -3.57083e-17 -3.03408e-17 -4.34107e-17 -3.06981e-17 -8.86665e-17
v_5_37: 1.62767e-19 1.37773e-19 1.96695e-19 1.39982e-19 3.96037e-19
v_5_38: -2.76585e-18 -2.35026e-18 -3.36307e-18 -2.37786e-18 -7.09492e-18
v_5_39: 1.44434e-18 1.2263e-18 1.75546e-18 1.24053e-18 3.64159e-18
v_5_40: 3.4578e-19 2.93951e-19 4.20735e-19 2.97553e-19 8.43025e-19
v_5_41: 3.14781e-19 2.67095e-19 3.82162e-19 2.70473e-19 8.01661e-19
v_5_42: 2.4331e-17 2.0675e-17 2.95854e-17 2.09171e-17 6.02155e-17
v_5_43: -3.13062e-19 -2.65938e-19 -3.8099e-19 -2.68133e-19 -7.8716e-19
v_5_44: 7.51109e-19 6.38249e-19 9.12579e-19 6.45829e-19 1.89832e-18
v_5_45: 2.31643e-18 1.96819e-18 2.81534e-18 1.99035e-18 5.5838e-18
v_5_46: -4.39726e-19 -3.73502e-19 -5.34382e-19 -3.77851e-19 -1.0956e-18
v_5_47: -1.69939e-18 -1.44582e-18 -2.06915e-18 -1.45994e-18 -4.25545e-18
v_5_48: 4.04302e-19 3.43762e-19 4.91259e-19 3.47833e-19 1.04982e-18
v_5_49: -1.90511e-18 -1.61969e-18 -2.31703e-18 -1.63901e-18 -5.21476e-18
v_5_50: 8.38064e-18 7.12013e-18 1.01888e-17 7.20342e-18 2.07847e-17
v_6_0: 0.187678 0.0386848 0.164482 0.189398 0.0949875
v_6_1: -5.65935e-19 -4.80439e-19 -6.88148e-19 -4.85915e-19 -1.56244e-18
v_6_2: 2.99549e-18 2.54784e-18 3.6486e-18 2.57741e-18 7.25852e-18
v_6_3: 4.63975e-18 3.94297e-18 5.64068e-18 3.98585e-18 1.16248e-17
v_6_4: -2.11004e-18 -1.79116e-18 -2.56144e-18 -1.81278e-18 -5.18854e-18
v_6_5: 7.14374e-19 6.07302e-19 8.67606e-19 6.14452e-19 1.34704e-18
v_6_6: 6.16764e-18 5.24568e-18 7.4981e-18 5.30816e-18 1.5489e-17
v_6_7: -9.98222e-20 -8.4524e-20 -1.20964e-19 -8.49117e-20 -6.87047e-19
v_6_8: 5.79553e-19 4.93353e-19 7.05958e-19 4.98834e-19 1.35505e-18
v_6_9: -5.74241e-19 -4.87503e-19 -6.97862e-19 -4.90532e-19 -1.46039e-18
v_6_10: 6.02546e-18 5.11971e-18 7.32443e-18 5.18165e-18 1.43279e-17
v_6_11: -3.41508e-19 -2.90687e-19 -4.15996e-19 -2.94131e-19 -9.31874e-19
v_6_12: -1.3033e-17 -1.10783e-17 -1.58598e-17 -1.11811e-17 -3.21191e-17
v_6_13: 4.3495e-18 3.70297e-18 5.29869e-18 3.74448e-18 1.05684e-17
v_6_14: -1.74512e-18 -1.49579e-18 -2.14386e-18 -1.51128e-18 -4.79824e-18
v_6_15: -2.23972e-18 -1.90309e-18 -2.72274e-18 -1.92446e-18 -5.60796e-18
v_6_16: -1.9449e-18 -1.65267e-18 -2.36621e-18 -1.67057e-18 -5.79544e-18
v_6_17: 5.91316e-16 5.02541e-16 7.18708e-16 5.08345e-16 1.46978e-15
v_6_18: 2.38237e-18 2.02595e-18 2.90005e-18 2.04864e-18 5.44896e-18
v_6_19: 4.89126e-18 4.15864e-18 5.94438e-18 4.20498e-18 1.27831e-17
v_6_20: 2.99924e-18 2.55007e-18 3.64362e-18 2.5809e-18 7.84199e-18
v_6_21: -3.24993e-19 -2.76592e-19 -3.96181e-19 -2.79589e-19 -9.16991e-19
v_6_22: -9.85288e-19 -8.38424e-19 -1.20072e-18 -8.49571e-19 -2.63109e-18
v_6_23: -2.45709e-17 -2.08771e-17 -2.98826e-17 -2.10868e-17 -6.10242e-17
v_6_24: 1.3902e-19 1.18691e-19 1.69674e-19 1.21073e-19 6.46896e-20
v_6_25: 3.85596e-18 3.27814e-18 4.68726e-18 3.31639e-18 9.5905e-18
v_6_26: 2.6662e-18 2.26552e-18 3.24165e-18 2.29475e-18 6.38597e-18
v_6_27: -1.1191e-18 -9.51537e-19 -1.3622e-18 -9.62238e-19 -2.90706e-18
v_6_28: -1.5962e-19 -1.3413e-19 -1.91979e-19 -1.3659e-19 -1.67869e-19
v_6_29: -7.15742e-19 -6.09054e-19 -8.7226e-19 -6.15461e-19 -1.14429e-18
v_6_30: 5.4652e-18 4.64798e-18 6.6479e-18 4.70071e-18 1.34295e-17
v_6_31: 2.7455e-18 2.33412e-18 3.33752e-18 2.36216e-18 6.22691e-18
v_6_32: 3.79422e-18 3.2252e-18 4.61475e-18 3.26226e-18 9.3754e-18
v_6_33: -4.76984e-19 -4.04909e-19 -5.80336e-19 -4.09756e-19 -1.46609e-18
v_6_34: -2.40936e-19 -2.04043e-19 -2.92175e-19 -2.06554e-19 -3.93604e-19
v_6_35: -1.75765e-18 -1.49373e-18 -2.13703e-18 -1.51102e-18 -4.44905e-18
v_6_36: -3.04533e-17 -2.58795e-17 -3.7023e-17 -2.61681e-17 -8.08946e-17
v_6_37: 7.4781e-19 6.35555e-19 9.10909e-19 6.42771e-19 2.58948e-18
v_6_38: 5.38972e-18 4.58117e-18 6.55366e-18 4.63532e-18 1.2872e-17
v_6_39: -1.03488e-18 -8.79476e-19 -1.25867e-18 -8.89938e-19 -2.58929e-18
v_6_40: 2.16773e-18 1.84406e-18 2.63654e-18 1.86379e-18 5.46583e-18
v_6_41: 2.79449e-19 2.37767e-19 3.38998e-19 2.39807e-19 7.5995e-19
v_6_42: 1.16974e-16 9.93719e-17 1.42152e-16 1.00539e-16 2.90771e-16
v_6_43: -4.23304e-18 -3.59858e-18 -5.15365e-18 -3.63151e-18 -1.0502e-17
v_6_44: 2.41225e-18 2.04911e-18 2.93166e-18 2.07354e-18 5.91326e-18
v_6_45: -2.79506e-19 -2.36132e-19 -3.3844e-19 -2.39193e-19 -3.69155e-20
v_6_46: 3.04287e-18 2.58692e-18 3.70056e-18 2.61589e-18 7.4689e-18
v_6_47: -1.05519e-19 -8.98444e-20 -1.2954e-19 -9.04315e-20 -3.72827e-19
v_6_48: 1.46388e-18 1.24404e-18 1.77973e-18 1.25866e-18 3.66736e-18
v_6_49: 1.33767e-17 1.13709e-17 1.62675e-17 1.15021e-17 3.34128e-17
v_6_50: 2.16793e-18 1.84267e-18 2.63639e-18 1.86449e-18 5.37683e-18
v_7_0: 0.272883 0.19266 0.240461 0.0898322 0.0784313
v_7_1: 9.80662e-19 8.34618e-19 1.19403e-18 8.40124e-19 2.37499e-18
v_7_2: 2.05062e-18 1.74146e-18 2.49367e-18 1.76277e-18 5.04467e-18
v_7_3: 3.36664e-18 2.86087e-18 4.09188e-18 2.89415e-18 8.90618e-18
v_7_4: 2.59716e-20 2.17432e-20 3.15932e-20 2.07819e-20 -2.18654e-20
v_7_5: -1.81042e-18 -1.5399e-18 -2.203e-18 -1.557e-18 -4.25645e-18
v_7_6: -1.41863e-19 -1.21186e-19 -1.73351e-19 -1.23043e-19 -3.14205e-19
v_7_7: 3.41183e-19 2.90193e-19 4.15055e-19 2.92026e-19 8.73406e-19
v_7_8: 4.54269e-16 3.86068e-16 5.52373e-16 3.90597e-16 1.12941e-15
v_7_9: -6.19914e-19 -5.27428e-19 -7.53301e-19 -5.34622e-19 -1.22214e-18
v_7_10: 4.54887e-18 3.86594e-18 5.5297e-18 3.91071e-18 1.14086e-17
v_7_11: 2.44754e-19 2.08057e-19 2.97277e-19 2.10343e-19 6.77726e-19
v_7_12: 2.49239e-16 2.11753e-16 3.03009e-16 2.14261e-16 6.36881e-16
v_7_13: -8.61074e-19 -7.3483e-19 -1.05047e-18 -7.52928e-19 -2.76838e-18
v_7_14: -2.55167e-17 -2.17145e-17 -3.10854e-17 -2.19655e-17 -6.35193e-17
v_7_15: 1.27165e-18 1.08068e-18 1.5474e-18 1.09271e-18 3.63204e-18
v_7_16: -2.44288e-18 -2.07639e-18 -2.96947e-18 -2.10049e-18 -8.19969e-18
v_7_17: 9.61084e-18 8.14443e-18 1.16727e-17 8.2618e-18 2.34164e-17
v_7_18: 7.07324e-18 6.00808e-18 8.59633e-18 6.08047e-18 1.74842e-17
v_7_19: 8.75152e-19 7.43643e-19 1.06333e-18 7.51844e-19 4.0074e-18
v_7_20: -4.2151e-19 -3.57527e-19 -5.14171e-19 -3.60233e-19 -1.32577e-18
v_7_21: 4.04079e-18 3.43401e-18 4.91242e-18 3.47427e-18 1.00214e-17
v_7_22: -2.75879e-18 -2.34633e-18 -3.34977e-18 -2.37217e-18 -6.68383e-18
v_7_23: 4.92358e-16 4.18361e-16 5.98574e-16 4.23264e-16 1.22351e-15
v_7_24: -3.27994e-18 -2.7877e-18 -3.9855e-18 -2.82145e-18 -8.24015e-18
v_7_25: -2.07184e-18 -1.76012e-18 -2.51574e-18 -1.78029e-18 -5.23428e-18
v_7_26: 3.64311e-18 3.09417e-18 4.42449e-18 3.12429e-18 8.87772e-18
v_7_27: 1.15271e-18 9.80133e-19 1.40261e-18 9.90056e-19 3.30726e-18
v_7_28: 3.3491e-18 2.84487e-18 4.07107e-18 2.87181e-18 8.38685e-18
v_7_29: 5.05145e-19 4.28216e-19 6.12537e-19 4.33084e-19 1.4658e-18
v_7_30: -6.06463e-19 -5.20282e-19 -7.44095e-19 -5.22522e-19 -1.54853e-18
v_7_31: 4.52543e-18 3.84687e-18 5.50162e-18 3.89247e-18 1.24702e-17
v_7_32: 4.73035e-18 4.01891e-18 5.75093e-18 4.06529e-18 1.22058e-17
v_7_33: 2.09894e-19 1.79331e-19 2.56841e-19 1.80509e-19 4.06606e-19
v_7_34: 3.52606e-18 2.99573e-18 4.28749e-18 3.02871e-18 8.63313e-18
v_7_35: 2.64992e-18 2.25233e-18 3.22275e-18 2.27811e-18 6.88946e-18
v_7_36: 2.1411e-16 1.81927e-16 2.60297e-16 1.84062e-16 5.31953e-16
v_7_37: -3.26755e-19 -2.78511e-19 -3.98247e-19 -2.81585e-19 -6.97952e-19
v_7_38: 6.12768e-19 5.20587e-19 7.46436e-19 5.27852e-19 1.73973e-18
v_7_39: 4.79893e-18 4.07962e-18 5.8331e-18 4.12663e-18 1.19608e-17
v_7_40: 1.99346e-18 1.69437e-18 2.42411e-18 1.71321e-18 4.99964e-18
v_7_41: 2.57748e-18 2.19004e-18 3.13261e-18 2.21602e-18 6.44273e-18
v_7_42: -9.84409e-17 -8.36466e-17 -1.1967e-16 -8.46253e-17 -2.44891e-16
v_7_43: 8.96268e-18 7.6181e-18 1.0901e-17 7.69651e-18 2.24769e-17
v_7_44: 3.31334e-18 2.81606e-18 4.02886e-18 2.84775e-18 8.71913e-18
v_7_45: 2.50861e-18 2.13198e-18 3.05225e-18 2.15542e-18 6.61412e-18
v_7_46: 2.67554e-19 2.26246e-19 3.24202e-19 2.27976e-19 7.82316e-19
v_7_47: -3.7353e-20 -3.33992e-20 -4.77876e-20 -3.68741e-20 -1.39388e-19
v_7_48: 2.48709e-18 2.11334e-18 3.0237e-18 2.13888e-18 6.24195e-18
v_7_49: 1.19859e-18 1.01547e-18 1.45234e-18 1.0273e-18 3.05458e-18
v_7_50: 6.77201e-19 5.76944e-19 8.23458e-19 5.83737e-19 1.5656e-18
v_8_0: 0.127831 0.188463 0.119587 0.126541 0.209507
v_8_1: 2.26934e-19 1.93117e-19 2.76514e-19 1.95059e-19 5.27581e-19
v_8_2: 2.16409e-18 1.84051e-18 2.63094e-18 1.8601e-18 5.37551e-18
v_8_3: -7.90737e-19 -6.72293e-19 -9.60993e-19 -6.79589e-19 -1.9605e-18
v_8_4: 2.2736e-19 1.93637e-19 2.77271e-19 1.95697e-19 3.17553e-19
v_8_5: -7.19392e-19 -6.11234e-19 -8.75317e-19 -6.16165e-19 -1.63452e-18
v_8_6: 2.63146e-19 2.23616e-19 3.19857e-19 2.26226e-19 8.67371e-19
v_8_7: 1.79407e-18 1.52368e-18 2.18019e-18 1.54144e-18 4.56491e-18
v_8_8: -2.65133e-17 -2.25384e-17 -3.22623e-17 -2.27477e-17 -6.60945e-17
v_8_9: 1.64664e-18 1.39984e-18 1.99976e-18 1.41542e-18 4.0005e-18
v_8_10: 5.57336e-18 4.73673e-18 6.77709e-18 4.79195e-18 1.29615e-17
v_8_11: -8.52866e-20 -7.2835e-20 -1.04341e-19 -7.31736e-20 -4.4279e-19
v_8_12: 1.1636e-18 9.89962e-19 1.41667e-18 9.98936e-19 2.83778e-18
v_8_13: 1.97743e-19 1.67162e-19 2.40448e-19 1.7243e-19 5.27364e-19
v_8_14: -1.70891e-16 -1.45219e-16 -2.07735e-16 -1.46948e-16 -4.24571e-16
v_8_15: -5.8278e-19 -4.95796e-19 -7.08497e-19 -5.00987e-19 -1.52232e-18
v_8_16: -2.21194e-20 -1.87294e-20 -2.58105e-20 -1.92873e-20 -1.73447e-19
v_8_17: -2.38242e-18 -2.02151e-18 -2.89385e-18 -2.04671e-18 -6.86275e-18
v_8_18: -7.2898e-19 -6.1861e-19 -8.85653e-19 -6.26455e-19 -1.84186e-18
v_8_19: -4.23651e-18 -3.60077e-18 -5.14951e-18 -3.64032e-18 -1.0738e-17
v_8_20: -9.87956e-19 -8.40156e-19 -1.20038e-18 -8.50402e-19 -2.5628e-18
v_8_21: -8.02691e-20 -6.87126e-20 -9.7456e-20 -6.84748e-20 2.36729e-20
v_8_22: 1.61954e-18 1.37479e-18 1.96794e-18 1.39278e-18 5.30265e-18
v_8_23: -2.19918e-17 -1.86822e-17 -2.67039e-17 -1.88889e-17 -5.47156e-17
v_8_24: -4.01689e-18 -3.41293e-18 -4.88256e-18 -3.4533e-18 -1.0006e-17
v_8_25: 4.1147e-18 3.49674e-18 5.00329e-18 3.53664e-18 1.03314e-17
v_8_26: -3.05353e-19 -2.63603e-19 -3.75139e-19 -2.64845e-19 -6.99929e-19
v_8_27: -6.70798e-19 -5.70074e-19 -8.1572e-19 -5.76729e-19 -1.70792e-18
v_8_28: -4.63296e-20 -3.91551e-20 -5.5918e-20 -3.93635e-20 -1.65831e-19
v_8_29: -1.98077e-19 -1.6867e-19 -2.41123e-19 -1.70889e-19 -4.95325e-19
v_8_30: -1.07094e-18 -9.10972e-19 -1.30351e-18 -9.2106e-19 -2.82957e-18
v_8_31: -2.60265e-18 -2.21239e-18 -3.16489e-18 -2.23813e-18 -6.48998e-18
v_8_32: 2.50893e-20 2.17001e-20 3.05402e-20 2.29804e-20 7.40526e-20
v_8_33: -1.25833e-18 -1.0696e-18 -1.53025e-18 -1.0819e-18 -3.08258e-18
v_8_34: -2.0087e-18 -1.70658e-18 -2.44248e-18 -1.72625e-18 -5.3588e-18
v_8_35: -4.80181e-19 -4.08672e-19 -5.83834e-19 -4.13002e-19 -1.20932e-18
v_8_36: -1.53771e-17 -1.30471e-17 -1.86568e-17 -1.32033e-17 -4.25962e-17
v_8_37: -5.94214e-19 -5.05616e-19 -7.2408e-19 -5.11242e-19 -1.34402e-18
v_8_38: -3.31815e-18 -2.81922e-18 -4.03308e-18 -2.85349e-18 -8.03694e-18
v_8_39: -1.03935e-18 -8.83849e-19 -1.26459e-18 -8.93919e-19 -2.42473e-18
v_8_40: -2.73594e-18 -2.32455e-18 -3.3251e-18 -2.35129e-18 -7.5679e-18
v_8_41: -2.68695e-19 -2.28484e-19 -3.26101e-19 -2.30699e-19 -6.60082e-19
v_8_42: -1.73922e-18 -1.47815e-18 -2.1152e-18 -1.49445e-18 -4.09439e-18
v_8_43: 6.40242e-17 5.44255e-17 7.78419e-17 5.50576e-17 1.59249e-16
v_8_44: 1.5615e-19 1.32614e-19 1.89565e-19 1.34637e-19 2.80931e-19
v_8_45: 4.03211e-18 3.42721e-18 4.89979e-18 3.46614e-18 9.97637e-18
v_8_46: -1.99445e-18 -1.69485e-18 -2.42494e-18 -1.71429e-18 -4.8188e-18
v_8_47: 1.9979e-18 1.69738e-18 2.42858e-18 1.71804e-18 4.94644e-18
v_8_48: -8.9735e-19 -7.62586e-19 -1.09099e-18 -7.71136e-19 -1.82989e-18
v_8_49: 9.08605e-18 7.72163e-18 1.1046e-17 7.81255e-18 2.19968e-17
v_8_50: -1.81998e-18 -1.54681e-18 -2.21182e-18 -1.56481e-18 -4.24695e-18
v_9_0: 0.169578 0.271205 0.0429583 0.136118 0.262456
v_9_1: -4.124e-18 -3.50423e-18 -5.0136e-18 -3.54542e-18 -1.03125e-17
v_9_2: -2.87849e-18 -2.4465e-18 -3.49996e-18 -2.47452e-18 -7.49468e-18
v_9_3: 1.43918e-20 1.14734e-20 1.66399e-20 1.16479e-20 1.32773e-19
v_9_4: -3.05575e-18 -2.59675e-18 -3.7154e-18 -2.62632e-18 -8.1088e-18
v_9_5: -2.80775e-19 -2.38788e-19 -3.41634e-19 -2.41307e-19 -6.97655e-19
v_9_6: 8.51117e-19 7.23389e-19 1.035e-18 7.31983e-19 1.86039e-18
v_9_7: 3.43437e-18 2.91772e-18 4.17529e-18 2.95195e-18 8.5867e-18
v_9_8: 1.27542e-18 1.0839e-18 1.55095e-18 1.09623e-18 3.01631e-18
v_9_9: 1.54354e-18 1.31393e-18 1.87618e-18 1.32963e-18 3.97825e-18
v_9_10: 2.64968e-19 2.25124e-19 3.2233e-19 2.27447e-19 6.08232e-19
v_9_11: -2.30863e-19 -1.96302e-19 -2.80847e-19 -1.98667e-19 -5.09133e-19
v_9_12: 6.24342e-19 5.3106e-19 7.59841e-19 5.37323e-19 1.47562e-18
v_9_13: -8.79278e-19 -7.47238e-19 -1.06937e-18 -7.56067e-19 -2.25179e-18
v_9_14: 3.5451e-18 3.0119e-18 4.30822e-18 3.04669e-18 7.91887e-18
v_9_15: 1.9588e-18 1.6637e-18 2.37988e-18 1.68357e-18 4.94335e-18
v_9_16: 1.19321e-18 1.01344e-18 1.45079e-18 1.0248e-18 3.09084e-18
v_9_17: -1.98757e-17 -1.68954e-17 -2.4192e-17 -1.70497e-17 -4.91107e-17
v_9_18: 5.25773e-19 4.46857e-19 6.38386e-19 4.51e-19 1.31561e-18
v_9_19: 3.33226e-18 2.83173e-18 4.05183e-18 2.86554e-18 1.00971e-17
v_9_20: 1.40367e-18 1.19302e-18 1.70658e-18 1.20666e-18 3.71661e-18
v_9_21: 5.66351e-19 4.81721e-19 6.89357e-19 4.87073e-19 1.37342e-18
v_9_22: 6.533e-18 5.5524e-18 7.94307e-18 5.61439e-18 1.29759e-17
v_9_23: 1.59982e-19 1.36232e-19 1.94848e-19 1.37638e-19 4.28202e-19
v_9_24: 1.66768e-19 1.41693e-19 2.02783e-19 1.43391e-19 3.5926e-19
v_9_25: -3.94565e-19 -3.35218e-19 -4.79741e-19 -3.39212e-19 -8.71923e-19
v_9_26: 1.75072e-18 1.48785e-18 2.12864e-18 1.50485e-18 4.17781e-18
v_9_27: 2.1277e-20 1.77599e-20 2.54923e-20 1.81725e-20 1.30641e-19
v_9_28: -4.08546e-19 -3.48024e-19 -4.98308e-19 -3.52196e-19 -9.75782e-19
v_9_29: 1.45825e-18 1.23937e-18 1.77339e-18 1.25379e-18 3.80723e-18
v_9_30: -4.9784e-19 -4.22807e-19 -6.04992e-19 -4.27878e-19 -1.22702e-18
v_9_31: 4.72769e-19 4.01414e-19 5.74463e-19 4.05919e-19 1.18935e-18
v_9_32: -2.54908e-18 -2.16714e-18 -3.10082e-18 -2.19294e-18 -6.90727e-18
v_9_33: 1.00252e-18 8.51679e-19 1.2183e-18 8.62191e-19 2.49719e-18
v_9_34: -9.10553e-19 -7.73796e-19 -1.10734e-18 -7.82755e-19 -2.42268e-18
v_9_35: -1.12309e-18 -9.54576e-19 -1.36564e-18 -9.6567e-19 -2.90913e-18
v_9_36: 1.09001e-18 9.24896e-19 1.32241e-18 9.36241e-19 2.70423e-18
v_9_37: -1.94466e-18 -1.65351e-18 -2.36535e-18 -1.67112e-18 -5.18573e-18
v_9_38: 1.02774e-18 8.74012e-19 1.2509e-18 8.84448e-19 2.41038e-18
v_9_39: 2.26764e-18 1.92739e-18 2.75777e-18 1.94925e-18 5.62047e-18
v_9_40: -1.21188e-19 -1.02986e-19 -1.47426e-19 -1.0407e-19 -3.90428e-19
v_9_41: -2.94002e-19 -2.50015e-19 -3.57785e-19 -2.52688e-19 -7.76327e-19
v_9_42: -1.75894e-18 -1.49565e-18 -2.13956e-18 -1.51082e-18 -4.3867e-18
v_9_43: 2.80798e-18 2.38598e-18 3.41377e-18 2.41433e-18 7.04113e-18
v_9_44: 2.47085e-19 2.09705e-19 3.00102e-19 2.12411e-19 6.9811e-19
v_9_45: -1.6327e-18 -1.38775e-18 -1.98562e-18 -1.40379e-18 -4.2048e-18
v_9_46: -3.34173e-20 -2.83632e-20 -4.05957e-20 -2.84984e-20 -7.50059e-20
v_9_47: 2.99125e-19 2.54024e-19 3.63255e-19 2.5698e-19 7.94429e-19
v_9_48: -5.60249e-19 -4.76227e-19 -6.81081e-19 -4.82038e-19 -1.35414e-18
v_9_49: 2.8511e-18 2.42167e-18 3.46314e-18 2.44927e-18 5.74864e-18
v_9_50: 1.46424e-18 1.2442e-18 1.7799e-18 1.25894e-18 3.68772e-18
v_10_0: 0.241297 0.0278341 0.00610033 0.193636 0.158217
v_10_1: 2.16593e-18 1.84019e-18 2.63474e-18 1.86171e-18 5.44044e-18
v_10_2: 2.41242e-18 2.05086e-18 2.93454e-18 2.07382e-18 5.82699e-18
v_10_3: 1.7638e-18 1.49852e-18 2.14422e-18 1.51588e-18 4.4661e-18
v_10_4: -5.85032e-18 -4.97092e-18 -7.11281e-18 -5.02921e-18 -1.46167e-17
v_10_5: 2.96976e-18 2.52329e-18 3.61196e-18 2.554e-18 7.41823e-18
v_10_6: 7.21252e-19 6.12627e-19 8.76147e-19 6.20039e-19 1.85683e-18
v_10_7: -1.95399e-19 -1.65751e-19 -2.37264e-19 -1.67871e-19 -3.10446e-19
v_10_8: -7.88179e-19 -6.69641e-19 -9.57347e-19 -6.77984e-19 -1.94147e-18
v_10_9: 1.28249e-18 1.09278e-18 1.55863e-18 1.10097e-18 3.11677e-18
v_10_10: -1.22065e-18 -1.03743e-18 -1.48349e-18 -1.05076e-18 -2.65529e-18
v_10_11: 1.94884e-19 1.65286e-19 2.36773e-19 1.67119e-19 4.94937e-19
v_10_12: 1.82281e-18 1.54966e-18 2.21758e-18 1.56706e-18 4.43899e-18
v_10_13: 1.0713e-19 9.12154e-20 1.30673e-19 9.23948e-20 2.70592e-19
v_10_14: -3.62289e-18 -3.07953e-18 -4.40476e-18 -3.11321e-18 -3.88757e-18
v_10_15: 1.66591e-18 1.41624e-18 2.02599e-18 1.4318e-18 4.12738e-18
v_10_16: -4.49056e-18 -3.81783e-18 -5.45676e-18 -3.85677e-18 -1.10327e-17
v_10_17: 1.16896e-16 9.93615e-17 1.42137e-16 1.00508e-16 2.89456e-16
v_10_18: 1.77237e-19 1.51137e-19 2.16562e-19 1.52652e-19 3.18988e-19
v_10_19: -8.84754e-19 -7.51903e-19 -1.07498e-18 -7.60729e-19 -2.23132e-18
v_10_20: 9.30759e-19 7.90263e-19 1.13053e-18 7.99781e-19 2.46489e-18
v_10_21: 1.21722e-20 1.04736e-20 1.46506e-20 1.06512e-20 -1.72809e-19
v_10_22: -5.90544e-18 -5.02049e-18 -7.1775e-18 -5.07642e-18 -1.3495e-17
v_10_23: 8.85535e-19 7.53453e-19 1.0765e-18 7.61742e-19 2.17389e-18
v_10_24: -1.67688e-18 -1.42441e-18 -2.03828e-18 -1.44128e-18 -4.08448e-18
v_10_25: 6.2153e-19 5.28605e-19 7.55975e-19 5.34443e-19 1.65083e-18
v_10_26: 2.29405e-18 1.94918e-18 2.78894e-18 1.97188e-18 3.69354e-18
v_10_27: 3.68125e-19 3.13207e-19 4.48248e-19 3.15694e-19 1.29335e-18
v_10_28: -1.06193e-18 -9.03045e-19 -1.29156e-18 -9.1426e-19 -2.74328e-18
v_10_29: 5.89492e-19 5.00853e-19 7.16762e-19 5.06438e-19 1.84368e-18
v_10_30: 1.57707e-18 1.34046e-18 1.91781e-18 1.35553e-18 4.01648e-18
v_10_31: 5.1171e-19 4.34879e-19 6.22113e-19 4.39831e-19 1.40523e-18
v_10_32: 4.41054e-18 3.74864e-18 5.36362e-18 3.79164e-18 1.09382e-17
v_10_33: -2.25337e-18 -1.91555e-18 -2.74068e-18 -1.93687e-18 -5.86802e-18
v_10_34: -2.01355e-18 -1.71119e-18 -2.44891e-18 -1.73112e-18 -5.08137e-18
v_10_35: 4.17053e-19 3.54607e-19 5.07845e-19 3.58246e-19 1.09486e-18
v_10_36: 1.80463e-18 1.53395e-18 2.19345e-18 1.55146e-18 4.40831e-18
v_10_37: 6.60632e-19 5.61976e-19 8.03217e-19 5.68171e-19 1.53463e-18
v_10_38: 3.15808e-18 2.684e-18 3.84048e-18 2.71622e-18 9.23855e-18
v_10_39: 4.79783e-19 4.07824e-19 5.83696e-19 4.12333e-19 1.33456e-18
v_10_40: -1.16925e-18 -9.94789e-19 -1.42043e-18 -1.00534e-18 -2.91927e-18
v_10_41: 8.38838e-19 7.15014e-19 1.01956e-18 7.23521e-19 2.20417e-18
v_10_42: -2.54585e-18 -2.16468e-18 -3.09655e-18 -2.18838e-18 -6.59765e-18
v_10_43: -1.81622e-18 -1.54337e-18 -2.20998e-18 -1.56133e-18 -4.49929e-18
v_10_44: 8.35488e-19 7.10645e-19 1.01691e-18 7.17341e-19 2.02061e-18
v_10_45: 7.95053e-19 6.76475e-19 9.67508e-19 6.83807e-19 2.64569e-18
v_10_46: -6.89348e-20 -5.8743e-20 -8.39496e-20 -5.94897e-20 -1.59335e-19
v_10_47: -2.66578e-18 -2.26487e-18 -3.23966e-18 -2.29091e-18 -6.42961e-18
v_10_48: 1.96085e-19 1.66471e-19 2.37345e-19 1.68495e-19 5.65824e-19
v_10_49: 9.32127e-18 7.92084e-18 1.13362e-17 8.01325e-18 2.3712e-17
v_10_50: 6.03635e-19 5.12816e-19 7.34136e-19 5.18938e-19 1.54029e-18
v_11_0: 0.181852 0.0691317 0.26139 0.0188748 0.239295
v_11_1: 5.64272e-19 4.79895e-19 6.84086e-19 4.8359e-19 1.4281e-18
v_11_2: -8.1163e-19 -6.89893e-19 -9.87132e-19 -6.97736e-19 -2.04553e-18
v_11_3: 1.19355e-18 1.01406e-18 1.45097e-18 1.02579e-18 2.76442e-18
v_11_4: -2.06701e-17 -1.75649e-17 -2.5131e-17 -1.77675e-17 -5.35407e-17
v_11_5: 5.63623e-19 4.78855e-19 6.84321e-19 4.84357e-19 1.33027e-18
v_11_6: -3.74854e-20 -3.26539e-20 -4.6892e-20 -3.29048e-20 -9.79023e-22
v_11_7: -8.36366e-19 -7.10908e-19 -1.01713e-18 -7.19038e-19 -2.16398e-18
v_11_8: -6.51177e-18 -5.53739e-18 -7.92411e-18 -5.5972e-18 -1.62184e-17
v_11_9: -1.34881e-18 -1.1468e-18 -1.64267e-18 -1.16106e-18 -2.97476e-18
v_11_10: -9.14108e-19 -7.77171e-19 -1.11116e-18 -7.87013e-19 2.05005e-18
v_11_11: 7.92506e-19 6.72863e-19 9.63467e-19 6.81196e-19 2.01701e-18
v_11_12: -2.7178e-18 -2.31031e-18 -3.30697e-18 -2.33623e-18 -6.52459e-18
v_11_13: -1.38816e-18 -1.17945e-18 -1.68713e-18 -1.1943e-18 -3.33976e-18
v_11_14: -3.39683e-18 -2.88679e-18 -4.12832e-18 -2.92094e-18 -8.4726e-18
v_11_15: -3.23546e-18 -2.74933e-18 -3.93417e-18 -2.78065e-18 -8.1752e-18
v_11_16: 1.40837e-18 1.19699e-18 1.71202e-18 1.21049e-18 3.56995e-18
v_11_17: -1.96088e-19 -1.97196e-19 -2.8724e-19 -1.26593e-19 -6.39314e-19
v_11_18: -2.058e-18 -1.75003e-18 -2.50421e-18 -1.77037e-18 -5.21944e-18
v_11_19: 2.17895e-18 1.85135e-18 2.64824e-18 1.87301e-18 3.69025e-18
v_11_20: 2.55894e-19 2.17464e-19 3.11782e-19 2.18671e-19 5.23727e-19
v_11_21: 5.62247e-19 4.77816e-19 6.83898e-19 4.82898e-19 1.46439e-18
v_11_22: -1.26537e-18 -1.07649e-18 -1.53968e-18 -1.08929e-18 -3.3936e-18
v_11_23: -4.43907e-18 -3.77386e-18 -5.40191e-18 -3.81771e-18 -1.10273e-17
v_11_24: -1.08864e-18 -9.25211e-19 -1.32332e-18 -9.35755e-19 -2.74496e-18
v_11_25: 3.23578e-18 2.74933e-18 3.93377e-18 2.78136e-18 8.35376e-18
v_11_26: -4.89468e-19 -4.15917e-19 -5.9452e-19 -4.20309e-19 -1.10522e-18
v_11_27: 1.877e-18 1.59439e-18 2.28161e-18 1.61298e-18 4.78927e-18
v_11_28: -8.56545e-18 -7.27934e-18 -1.04177e-17 -7.36628e-18 -2.20443e-17
v_11_29: -2.36082e-19 -2.00596e-19 -2.88213e-19 -2.02466e-19 -6.35693e-19
v_11_30: -5.42338e-19 -4.60828e-19 -6.62158e-19 -4.66626e-19 -1.58631e-18
v_11_31: -1.32246e-18 -1.12341e-18 -1.60713e-18 -1.13678e-18 -3.36556e-18
v_11_32: -9.06889e-19 -7.71985e-19 -1.1057e-18 -7.7936e-19 -2.06918e-18
v_11_33: -2.94744e-18 -2.50479e-18 -3.5835e-18 -2.53375e-18 -7.43297e-18
v_11_34: -9.49238e-18 -8.06575e-18 -1.15474e-17 -8.1611e-18 -2.37548e-17
v_11_35: -1.94275e-18 -1.65173e-18 -2.36209e-18 -1.66932e-18 -4.93422e-18
v_11_36: -4.58468e-18 -3.8969e-18 -5.5762e-18 -3.94038e-18 -1.14789e-17
v_11_37: -5.82158e-18 -4.94763e-18 -7.0774e-18 -5.0052e-18 -1.47392e-17
v_11_38: -5.485e-18 -4.66085e-18 -6.66885e-18 -4.71522e-18 -1.5743e-17
v_11_39: -7.9985e-19 -6.79654e-19 -9.72285e-19 -6.87453e-19 -1.89201e-18
v_11_40: 1.11145e-18 9.44568e-19 1.35141e-18 9.557e-19 2.76318e-18
v_11_41: -3.08774e-18 -2.62402e-18 -3.75349e-18 -2.65487e-18 -7.78082e-18
v_11_42: -5.45596e-18 -4.6403e-18 -6.64049e-18 -4.69088e-18 -1.38423e-17
v_11_43: -9.33435e-19 -7.93227e-19 -1.13609e-18 -8.02321e-19 -1.92839e-18
v_11_44: 2.60156e-18 2.21061e-18 3.16273e-18 2.23601e-18 6.66579e-18
v_11_45: -1.21531e-19 -1.0343e-19 -1.47854e-19 -1.04134e-19 -3.77535e-19
v_11_46: -2.70709e-18 -2.30122e-18 -3.29196e-18 -2.32718e-18 -6.8186e-18
v_11_47: -6.41279e-19 -5.45466e-19 -7.81248e-19 -5.52036e-19 -1.70703e-18
v_11_48: 1.19059e-18 1.01022e-18 1.4481e-18 1.02207e-18 2.98759e-18
v_11_49: 1.46264e-17 1.24352e-17 1.77919e-17 1.25772e-17 3.68447e-17
v_11_50: 4.00872e-18 3.40772e-18 4.87946e-18 3.44788e-18 1.10827e-17
v_12_0: 0.204528 0.207788 0.257298 0.263448 0.16383
v_12_1: 9.09344e-19 7.73471e-19 1.10689e-18 7.82463e-19 2.25413e-18
v_12_2: 1.18881e-18 1.01123e-18 1.44684e-18 1.02247e-18 3.05707e-18
v_12_3: 2.67661e-18 2.27562e-18 3.25533e-18 2.30167e-18 5.96843e-18
v_12_4: 4.94349e-19 4.20515e-19 6.01484e-19 4.25218e-19 1.27209e-18
v_12_5: -1.69637e-20 -1.43043e-20 -2.08321e-20 -1.43843e-20 -1.61767e-19
v_12_6: 8.84218e-19 7.52098e-19 1.07645e-18 7.60337e-19 2.31058e-18
v_12_7: -1.20729e-18 -1.026e-18 -1.46837e-18 -1.03777e-18 -3.14667e-18
v_12_8: -1.10278e-18 -9.35576e-19 -1.33942e-18 -9.48877e-19 -2.00326e-18
v_12_9: 1.5936e-18 1.35488e-18 1.93793e-18 1.37141e-18 4.40482e-18
v_12_10: 4.63412e-18 3.9379e-18 5.6366e-18 3.98439e-18 1.16103e-17
v_12_11: 6.26599e-19 5.32438e-19 7.61804e-19 5.38732e-19 1.57045e-18
v_12_12: 3.76581e-18 3.20251e-18 4.58257e-18 3.23741e-18 9.25051e-18
v_12_13: 2.89137e-18 2.45815e-18 3.51556e-18 2.48655e-18 7.17148e-18
v_12_14: -4.85102e-18 -4.12203e-18 -5.89723e-18 -4.16898e-18 -1.27612e-17
v_12_15: 3.14306e-19 2.67254e-19 3.81724e-19 2.69843e-19 7.04486e-19
v_12_16: -2.74436e-18 -2.33235e-18 -3.33297e-18 -2.35963e-18 -6.78321e-18
v_12_17: 9.8565e-18 8.39208e-18 1.20003e-17 8.48113e-18 2.41038e-17
v_12_18: 3.69953e-19 3.1502e-19 4.51811e-19 3.18808e-19 9.24007e-19
v_12_19: 8.94399e-18 7.60267e-18 1.08777e-17 7.69137e-18 2.2352e-17
v_12_20: 1.30143e-18 1.10626e-18 1.5821e-18 1.11889e-18 3.15514e-18
v_12_21: 1.36516e-18 1.15932e-18 1.66051e-18 1.1731e-18 3.48051e-18
v_12_22: 1.74989e-18 1.48656e-18 2.12777e-18 1.50531e-18 3.94409e-18
v_12_23: -1.23154e-18 -1.04696e-18 -1.49951e-18 -1.05905e-18 -4.50131e-18
v_12_24: -2.39524e-18 -2.03528e-18 -2.91183e-18 -2.05824e-18 -6.15541e-18
v_12_25: 2.6733e-18 2.27195e-18 3.24989e-18 2.29784e-18 6.70677e-18
v_12_26: 1.38677e-18 1.17846e-18 1.68622e-18 1.1917e-18 3.50446e-18
v_12_27: 2.70706e-19 2.30461e-19 3.29547e-19 2.32782e-19 6.44843e-19
v_12_28: 6.07391e-19 5.17369e-19 7.4035e-19 5.24053e-19 1.6656e-18
v_12_29: -9.625e-19 -8.17363e-19 -1.16964e-18 -8.27358e-19 -2.83614e-18
v_12_30: 2.05746e-18 1.74937e-18 2.50239e-18 1.77048e-18 5.10234e-18
v_12_31: -4.43607e-19 -3.76407e-19 -5.38769e-19 -3.81782e-19 -1.1383e-18
v_12_32: 1.78168e-18 1.51413e-18 2.16691e-18 1.53146e-18 4.71465e-18
v_12_33: -4.17057e-20 -3.55042e-20 -5.1778e-20 -3.58742e-20 -5.00864e-19
v_12_34: 2.27285e-20 1.95685e-20 2.80902e-20 1.97707e-20 -4.93108e-20
v_12_35: -2.94596e-19 -2.50165e-19 -3.57759e-19 -2.53073e-19 -7.30477e-19
v_12_36: 1.44528e-18 1.22861e-18 1.75741e-18 1.24205e-18 3.46087e-18
v_12_37: -1.97821e-18 -1.6819e-18 -2.4073e-18 -1.70139e-18 -5.42509e-18
v_12_38: 1.09735e-18 9.32899e-19 1.33448e-18 9.43779e-19 3.26388e-18
v_12_39: 5.38036e-20 4.60434e-20 6.6259e-20 4.61339e-20 1.22416e-19
v_12_40: 2.59795e-18 2.2084e-18 3.1592e-18 2.23404e-18 6.40196e-18
v_12_41: -5.88333e-20 -5.04265e-20 -7.13958e-20 -5.07606e-20 -1.60389e-19
v_12_42: -1.15262e-18 -9.81814e-19 -1.40355e-18 -9.89789e-19 -2.76821e-18
v_12_43: 2.33059e-18 1.98098e-18 2.83416e-18 2.00329e-18 5.8287e-18
v_12_44: 2.18098e-18 1.85369e-18 2.65224e-18 1.87339e-18 5.47247e-18
v_12_45: 2.4163e-19 2.05441e-19 2.93894e-19 2.08289e-19 4.49098e-19
v_12_46: 6.10587e-19 5.19243e-19 7.42928e-19 5.25086e-19 1.42172e-18
v_12_47: -2.45547e-18 -2.08674e-18 -2.98376e-18 -2.11085e-18 -5.39063e-18
v_12_48: -1.38799e-19 -1.1785e-19 -1.68616e-19 -1.19578e-19 -3.29223e-19
v_12_49: 1.35444e-17 1.15131e-17 1.6473e-17 1.16516e-17 3.37493e-17
v_12_50: 1.75135e-19 1.4932e-19 2.13843e-19 1.511e-19 2.75337e-19
v_13_0: 0.107774 0.124253 0.123624 0.174785 0.162815
v_13_1: -4.15762e-19 -3.52553e-19 -5.02843e-19 -3.5551e-19 -7.94635e-19
v_13_2: 3.99739e-18 3.39821e-18 4.86442e-18 3.43876e-18 1.04002e-17
v_13_3: -1.74497e-18 -1.48281e-18 -2.12222e-18 -1.49972e-18 -4.16188e-18
v_13_4: 3.02272e-18 2.57052e-18 3.67859e-18 2.59976e-18 7.59444e-18
v_13_5: -2.58472e-18 -2.19578e-18 -3.14382e-18 -2.22204e-18 -6.17221e-18
v_13_6: -9.12461e-19 -7.75536e-19 -1.10918e-18 -7.84674e-19 -2.29483e-18
v_13_7: -4.29154e-18 -3.6456e-18 -5.21627e-18 -3.6882e-18 -1.05064e-17
v_13_8: -7.26386e-18 -6.17021e-18 -8.82743e-18 -6.24483e-18 -1.82068e-17
v_13_9: 7.50862e-19 6.38745e-19 9.14418e-19 6.44558e-19 1.83167e-18
v_13_10: -1.16334e-19 -9.84744e-20 -1.40369e-19 -1.00494e-19 1.82791e-20
v_13_11: -9.86891e-18 -8.38637e-18 -1.19974e-17 -8.48366e-18 -2.45023e-17
v_13_12: -1.10625e-18 -9.38165e-19 -1.34188e-18 -9.52108e-19 -3.15126e-18
v_13_13: 3.57044e-18 3.03555e-18 4.34421e-18 3.06856e-18 9.3215e-18
v_13_14: -1.48258e-17 -1.26013e-17 -1.80241e-17 -1.27476e-17 -3.65506e-17
v_13_15: 1.16856e-18 9.94439e-19 1.42148e-18 1.0033e-18 3.05883e-18
v_13_16: -9.38215e-18 -7.97358e-18 -1.14017e-17 -8.06515e-18 -2.3365e-17
v_13_17: 1.29725e-17 1.10071e-17 1.5751e-17 1.11072e-17 3.2193e-17
v_13_18: -6.60953e-18 -5.61664e-18 -8.03088e-18 -5.68245e-18 -1.64555e-17
v_13_19: 1.25251e-17 1.06485e-17 1.52371e-17 1.07657e-17 3.10383e-17
v_13_20: 8.02715e-19 6.83053e-19 9.76468e-19 6.91017e-19 2.16826e-18
v_13_21: 1.49327e-18 1.26935e-18 1.81663e-18 1.28337e-18 3.82639e-18
v_13_22: 2.1876e-17 1.85659e-17 2.65945e-17 1.87524e-17 5.8221e-17
v_13_23: 3.46014e-18 2.94215e-18 4.2082e-18 2.97621e-18 8.86547e-18
v_13_24: -3.03963e-18 -2.58261e-18 -3.69489e-18 -2.61309e-18 -7.27586e-18
v_13_25: 3.92986e-19 3.3396e-19 4.78111e-19 3.37999e-19 8.58877e-19
v_13_26: 3.13506e-18 2.66437e-18 3.81304e-18 2.69512e-18 8.09848e-18
v_13_27: -1.14898e-17 -9.76457e-18 -1.39659e-17 -9.87686e-18 -2.85672e-17
v_13_28: 1.40285e-18 1.193e-18 1.70685e-18 1.20688e-18 3.36739e-18
v_13_29: -1.09265e-17 -9.28493e-18 -1.32791e-17 -9.39327e-18 -2.71329e-17
v_13_30: -9.43078e-18 -8.01437e-18 -1.14653e-17 -8.10753e-18 -2.32024e-17
v_13_31: 9.08865e-19 7.7337e-19 1.10439e-18 7.81594e-19 2.50721e-18
v_13_32: -2.13642e-19 -1.80166e-19 -2.56677e-19 -1.85009e-19 -3.92034e-19
v_13_33: -2.72822e-19 -2.30323e-19 -3.28904e-19 -2.32934e-19 -3.48583e-19
v_13_34: 2.77073e-18 2.35674e-18 3.37037e-18 2.38303e-18 6.92868e-18
v_13_35: -2.21457e-18 -1.88126e-18 -2.69141e-18 -1.90482e-18 -5.4777e-18
v_13_36: 3.97909e-18 3.3829e-18 4.83746e-18 3.42178e-18 1.01435e-17
v_13_37: -3.26578e-17 -2.7783e-17 -3.97769e-17 -2.8088e-17 -8.10563e-17
v_13_38: 1.00113e-18 8.51892e-19 1.22166e-18 8.60439e-19 2.42141e-18
v_13_39: 2.14735e-18 1.8253e-18 2.61122e-18 1.8463e-18 5.51081e-18
v_13_40: 1.75817e-19 1.49619e-19 2.15322e-19 1.49926e-19 8.787e-20
v_13_41: -6.66055e-20 -5.62455e-20 -7.99085e-20 -5.76567e-20 -2.23571e-19
v_13_42: -6.14939e-17 -5.22442e-17 -7.47544e-17 -5.27849e-17 -1.5381e-16
v_13_43: 1.80457e-18 1.53398e-18 2.19501e-18 1.55163e-18 4.35365e-18
v_13_44: -2.61437e-18 -2.22167e-18 -3.17801e-18 -2.24748e-18 -6.48325e-18
v_13_45: -1.42164e-18 -1.20585e-18 -1.72555e-18 -1.22412e-18 -3.42484e-18
v_13_46: -1.504e-18 -1.27814e-18 -1.82644e-18 -1.29284e-18 -3.67922e-18
v_13_47: -3.00663e-18 -2.556e-18 -3.65415e-18 -2.58461e-18 -7.58068e-18
v_13_48: -1.26414e-18 -1.07445e-18 -1.53656e-18 -1.08848e-18 -2.89016e-18
v_13_49: -1.19759e-18 -1.01727e-18 -1.4533e-18 -1.03145e-18 -3.63391e-18
v_13_50: -7.38804e-18 -6.27974e-18 -8.98022e-18 -6.3504e-18 -1.5142e-17
v_14_0: 0.209877 0.139713 0.228331 0.166626 0.0573641
v_14_1: -3.65352e-18 -3.10464e-18 -4.44167e-18 -3.13728e-18 -9.09032e-18
v_14_2: -6.65243e-19 -5.70074e-19 -8.13783e-19 -5.67353e-19 -1.54216e-18
v_14_3: -3.66995e-18 -3.12201e-18 -4.47001e-18 -3.15445e-18 -8.73879e-18
v_14_4: -2.31494e-18 -1.96666e-18 -2.81429e-18 -1.99125e-18 -6.06015e-18
v_14_5: 2.2785e-18 1.93698e-18 2.7689e-18 1.95848e-18 5.46637e-18
v_14_6: -2.17863e-18 -1.85182e-18 -2.64938e-18 -1.87258e-18 -5.43335e-18
v_14_7: -1.29259e-18 -1.09867e-18 -1.57276e-18 -1.11007e-18 -3.32359e-18
v_14_8: 4.85236e-18 4.12531e-18 5.89857e-18 4.17079e-18 1.21597e-17
v_14_9: 2.01638e-18 1.71519e-18 2.45403e-18 1.73494e-18 4.70356e-18
v_14_10: -4.69435e-19 -4.01216e-19 -5.73336e-19 -4.05394e-19 -5.72698e-19
v_14_11: -5.94584e-18 -5.0525e-18 -7.22378e-18 -5.1108e-18 -1.46741e-17
v_14_12: -3.19192e-18 -2.71187e-18 -3.88173e-18 -2.74279e-18 -7.34109e-18
v_14_13: -1.23833e-18 -1.05068e-18 -1.50397e-18 -1.06421e-18 -3.15299e-18
v_14_14: -1.50835e-17 -1.28236e-17 -1.83446e-17 -1.29656e-17 -3.93384e-17
v_14_15: -1.5511e-18 -1.3181e-18 -1.88561e-18 -1.33424e-18 -4.22678e-18
v_14_16: 1.42333e-18 1.20884e-18 1.72834e-18 1.22319e-18 5.01971e-18
v_14_17: 4.47317e-17 3.7846e-17 5.4426e-17 3.88185e-17 1.10871e-16
v_14_18: -8.05278e-18 -6.84449e-18 -9.79049e-18 -6.92352e-18 -2.01188e-17
v_14_19: 8.44903e-18 7.1803e-18 1.02801e-17 7.26248e-18 2.11869e-17
v_14_20: 2.87274e-18 2.44059e-18 3.49039e-18 2.46798e-18 7.18195e-18
v_14_21: -3.7016e-19 -3.14292e-19 -4.50258e-19 -3.17626e-19 -1.15634e-18
v_14_22: -2.31413e-16 -1.96799e-16 -2.81883e-16 -1.99088e-16 -5.75385e-16
v_14_23: 2.22933e-18 1.89863e-18 2.71936e-18 1.9201e-18 5.53666e-18
v_14_24: -1.52675e-18 -1.29878e-18 -1.85696e-18 -1.31229e-18 -3.7687e-18
v_14_25: -1.04746e-18 -8.90486e-19 -1.27368e-18 -9.01341e-19 -2.65999e-18
v_14_26: -7.68537e-19 -6.55157e-19 -9.36753e-19 -6.61569e-19 -2.23421e-18
v_14_27: -6.1084e-18 -5.19106e-18 -7.42559e-18 -5.25084e-18 -1.52552e-17
v_14_28: -4.54733e-19 -3.84973e-19 -5.51155e-19 -3.89394e-19 -1.39135e-18
v_14_29: -4.78516e-18 -4.06734e-18 -5.81785e-18 -4.11445e-18 -1.16891e-17
v_14_30: -3.68946e-18 -3.14228e-18 -4.49237e-18 -3.17154e-18 -9.10194e-18
v_14_31: 3.52598e-18 2.99636e-18 4.28534e-18 3.03053e-18 8.87802e-18
v_14_32: -1.59495e-18 -1.35421e-18 -1.94102e-18 -1.37033e-18 -3.2628e-18
v_14_33: -7.75954e-18 -6.59481e-18 -9.44023e-18 -6.67193e-18 -1.95105e-17
v_14_34: -7.78098e-19 -6.60571e-19 -9.46257e-19 -6.68839e-19 -2.13014e-18
v_14_35: -1.44788e-19 -1.22522e-19 -1.75537e-19 -1.25467e-19 -2.70299e-18
v_14_36: -2.98251e-18 -2.53948e-18 -3.63922e-18 -2.56574e-18 -6.92948e-18
v_14_37: -7.73561e-17 -6.57297e-17 -9.40551e-17 -6.65002e-17 -1.92165e-16
v_14_38: -1.19834e-18 -1.01747e-18 -1.45587e-18 -1.02973e-18 -2.93793e-18
v_14_39: -1.22011e-18 -1.03646e-18 -1.48396e-18 -1.04936e-18 -2.40853e-18
v_14_40: 5.32278e-19 4.52122e-19 6.46898e-19 4.57525e-19 1.32249e-18
v_14_41: 3.50052e-18 2.97552e-18 4.25506e-18 3.00986e-18 9.81691e-18
v_14_42: 7.58671e-17 6.42548e-17 9.20522e-17 6.52821e-17 1.88467e-16
v_14_43: -6.66439e-19 -5.66515e-19 -8.11121e-19 -5.72786e-19 -1.78825e-18
v_14_44: -6.06429e-19 -5.15975e-19 -7.37285e-19 -5.2195e-19 -1.33495e-18
v_14_45: 2.11708e-18 1.79904e-18 2.57465e-18 1.81735e-18 4.01914e-18
v_14_46: -5.5509e-18 -4.71802e-18 -6.75067e-18 -4.77123e-18 -1.39662e-17
v_14_47: -1.01367e-17 -8.61706e-18 -1.2329e-17 -8.71561e-18 -2.64482e-17
v_14_48: -1.973e-19 -1.68902e-19 -2.40087e-19 -1.75028e-19 3.6509e-19
v_14_49: -5.21469e-18 -4.43509e-18 -6.34535e-18 -4.48308e-18 -1.65158e-17
v_14_50: -3.27696e-18 -2.78522e-18 -3.98363e-18 -2.81722e-18 -7.98292e-18
v_15_0: 0.188089 0.0808828 0.197709 0.164188 0.17554
v_15_1: -4.25462e-18 -3.61425e-18 -5.16894e-18 -3.65607e-18 -1.05325e-17
v_15_2: 8.93229e-18 7.58826e-18 1.08632e-17 7.68209e-18 2.20223e-17
v_15_3: 2.88891e-18 2.44986e-18 3.51278e-18 2.47818e-18 7.23817e-18
v_15_4: 1.94255e-18 1.65042e-18 2.3619e-18 1.66878e-18 4.79415e-18
v_15_5: -2.11889e-18 -1.79958e-18 -2.5754e-18 -1.82161e-18 -5.13946e-18
v_15_6: -1.00851e-19 -8.74297e-20 -1.26008e-19 -8.51643e-20 -4.18655e-19
v_15_7: 8.46736e-19 7.19693e-19 1.03414e-18 7.24565e-19 2.12329e-18
v_15_8: 2.65171e-18 2.2561e-18 3.22622e-18 2.28264e-18 6.77932e-18
v_15_9: -1.94216e-17 -1.65081e-17 -2.36265e-17 -1.6687e-17 -4.82254e-17
v_15_10: -1.44639e-17 -1.22917e-17 -1.7586e-17 -1.24337e-17 -3.76875e-17
v_15_11: -3.70451e-19 -3.15027e-19 -4.50435e-19 -3.18825e-19 -8.95902e-19
v_15_12: 8.06213e-17 6.85943e-17 9.81889e-17 6.93469e-17 1.99928e-16
v_15_13: 2.25072e-17 1.91325e-17 2.73818e-17 1.93468e-17 5.65149e-17
v_15_14: -1.47563e-17 -1.25432e-17 -1.7943e-17 -1.26858e-17 -3.8895e-17
v_15_15: 5.38399e-18 4.57673e-18 6.55314e-18 4.62284e-18 1.37944e-17
v_15_16: -2.03466e-18 -1.72929e-18 -2.46839e-18 -1.75626e-18 -4.2396e-18
v_15_17: 1.8742e-16 1.59208e-16 2.27888e-16 1.60991e-16 4.65895e-16
v_15_18: 3.07138e-18 2.6124e-18 3.73671e-18 2.63834e-18 7.40527e-18
v_15_19: -8.86755e-18 -7.5351e-18 -1.0774e-17 -7.62936e-18 -2.40015e-17
v_15_20: -1.48969e-18 -1.26712e-18 -1.81192e-18 -1.28095e-18 -3.63897e-18
v_15_21: 5.64337e-18 4.79469e-18 6.86242e-18 4.85252e-18 1.3733e-17
v_15_22: 6.08285e-18 5.01531e-18 7.20903e-18 4.75066e-18 6.10816e-18
v_15_23: -1.20645e-18 -1.0224e-18 -1.45588e-18 -1.03946e-18 -3.60009e-18
v_15_24: -8.84853e-18 -7.51877e-18 -1.0757e-17 -7.60693e-18 -2.14147e-17
v_15_25: -3.62348e-18 -3.07805e-18 -4.40477e-18 -3.11657e-18 -7.069e-18
v_15_26: 2.41363e-19 2.04001e-19 2.93783e-19 2.0576e-19 6.34738e-19
v_15_27: 1.14518e-18 9.76169e-19 1.3973e-18 9.79196e-19 2.83383e-18
v_15_28: 1.21087e-17 1.02878e-17 1.4729e-17 1.04099e-17 3.00734e-17
v_15_29: -3.83474e-18 -3.25713e-18 -4.66044e-18 -3.29813e-18 -9.37555e-18
v_15_30: -4.80254e-19 -4.09615e-19 -5.76971e-19 -4.12342e-19 -1.44733e-18
v_15_31: 2.27229e-18 1.93106e-18 2.76318e-18 1.95225e-18 5.68137e-18
v_15_32: 1.86858e-17 1.58802e-17 2.27299e-17 1.60612e-17 4.66473e-17
v_15_33: -1.91124e-19 -1.6389e-19 -2.33673e-19 -1.66669e-19 2.22643e-19
v_15_34: -1.26943e-17 -1.0787e-17 -1.54325e-17 -1.09123e-17 -2.93467e-17
v_15_35: -4.41243e-19 -3.74706e-19 -5.35431e-19 -3.80356e-19 -9.28048e-19
v_15_36: 2.08815e-18 1.77374e-18 2.5409e-18 1.7957e-18 6.19145e-18
v_15_37: -1.25616e-16 -1.06739e-16 -1.52705e-16 -1.07978e-16 -3.11756e-16
v_15_38: -2.42404e-17 -2.05996e-17 -2.94696e-17 -2.08406e-17 -6.12726e-17
v_15_39: -2.6164e-18 -2.22388e-18 -3.18068e-18 -2.25278e-18 -5.80144e-18
v_15_40: -2.86836e-17 -2.43737e-17 -3.48725e-17 -2.4656e-17 -7.13384e-17
v_15_41: 1.25111e-18 1.06263e-18 1.52059e-18 1.07259e-18 3.26131e-18
v_15_42: 5.96645e-17 5.06847e-17 7.25162e-17 5.12895e-17 1.48304e-16
v_15_43: -3.75025e-18 -3.18907e-18 -4.56216e-18 -3.22405e-18 -9.2528e-18
v_15_44: 1.14841e-18 9.79471e-19 1.40216e-18 9.82071e-19 3.75872e-18
v_15_45: 9.24291e-18 7.85536e-18 1.12461e-17 7.94504e-18 2.11869e-17
v_15_46: 8.74993e-19 7.43517e-19 1.06383e-18 7.52695e-19 2.74534e-18
v_15_47: -1.64129e-18 -1.39431e-18 -1.99474e-18 -1.41035e-18 -4.02261e-18
v_15_48: -3.75012e-18 -3.18737e-18 -4.55902e-18 -3.22457e-18 -9.27524e-18
v_15_49: 1.38983e-18 1.17723e-18 1.68665e-18 1.19569e-18 3.46935e-18
v_15_50: -8.58394e-18 -7.29525e-18 -1.04333e-17 -7.38169e-18 -2.0748e-17
v_16_0: 0.188173 0.0298096 0.0311211 0.174481 0.264952
v_16_1: 5.61197e-17 4.77319e-17 6.83252e-17 4.82577e-17 1.39131e-16
v_16_2: -1.6096e-17 -1.36276e-17 -1.95823e-17 -1.37339e-17 -4.08927e-17
v_16_3: 3.74498e-18 3.17546e-18 4.53828e-18 3.21812e-18 8.71393e-18
v_16_4: 2.92415e-17 2.48647e-17 3.55738e-17 2.51385e-17 7.16794e-17
v_16_5: 4.10664e-17 3.49139e-17 4.99625e-17 3.53021e-17 1.04469e-16
v_16_6: 9.091e-18 7.72525e-18 1.10685e-17 7.79991e-18 2.22093e-17
v_16_7: 1.45879e-17 1.23972e-17 1.77306e-17 1.25519e-17 3.72262e-17
v_16_8: -6.77506e-19 -5.72784e-19 -8.20468e-19 -5.79981e-19 -1.84858e-18
v_16_9: 7.45696e-17 6.33784e-17 9.07149e-17 6.41373e-17 1.85234e-16
v_16_10: 1.24511e-17 1.0584e-17 1.51463e-17 1.07014e-17 3.27215e-17
v_16_11: -2.81915e-17 -2.39714e-17 -3.43045e-17 -2.4236e-17 -7.22651e-17
v_16_12: 6.06074e-18 5.14646e-18 7.36638e-18 5.21691e-18 1.32754e-17
v_16_13: 4.13851e-17 3.52018e-17 5.03964e-17 3.55791e-17 1.02633e-16
v_16_14: -1.62512e-17 -1.38134e-17 -1.97956e-17 -1.39431e-17 -4.04219e-17
v_16_15: 2.31798e-17 1.97087e-17 2.81997e-17 1.99332e-17 5.85303e-17
v_16_16: 2.91793e-17 2.48107e-17 3.54955e-17 2.51073e-17 7.36387e-17
v_16_17: 5.50792e-15 4.68484e-15 6.7063e-15 4.7368e-15 1.36872e-14
v_16_18: 1.447e-17 1.2321e-17 1.76266e-17 1.24405e-17 3.64196e-17
v_16_19: 1.67626e-16 1.42608e-16 2.0406e-16 1.44135e-16 4.16918e-16
v_16_20: -1.0591e-18 -8.9897e-19 -1.28592e-18 -9.10398e-19 -1.87458e-18
v_16_21: 2.2934e-17 1.94996e-17 2.79205e-17 1.97357e-17 5.80313e-17
v_16_22: 4.12987e-14 3.50901e-14 5.02057e-14 3.55025e-14 1.02636e-13
v_16_23: 2.9777e-17 2.5359e-17 3.62538e-17 2.55923e-17 7.47071e-17
v_16_24: 1.51647e-17 1.29024e-17 1.84527e-17 1.30393e-17 3.57396e-17
v_16_25: 2.52557e-17 2.1475e-17 3.07173e-17 2.17197e-17 6.23649e-17
v_16_26: 2.3439e-17 1.99391e-17 2.85091e-17 2.01882e-17 5.83821e-17
v_16_27: -2.40138e-17 -2.04151e-17 -2.92234e-17 -2.06474e-17 -6.04123e-17
v_16_28: 3.90574e-17 3.32319e-17 4.75445e-17 3.36515e-17 9.67415e-17
v_16_29: 1.05015e-17 8.94774e-18 1.27852e-17 9.03881e-18 2.6482e-17
v_16_30: 2.16086e-17 1.83991e-17 2.63985e-17 1.86161e-17 5.31068e-17
v_16_31: 2.22985e-17 1.89645e-17 2.71258e-17 1.91592e-17 5.59789e-17
v_16_32: 1.38733e-17 1.18202e-17 1.6897e-17 1.19372e-17 3.41826e-17
v_16_33: 5.77747e-18 4.91478e-18 7.01111e-18 5.01515e-18 1.50567e-17
v_16_34: 4.53929e-17 3.8599e-17 5.52221e-17 3.90213e-17 1.13367e-16
v_16_35: 1.31786e-17 1.12074e-17 1.60327e-17 1.133e-17 3.30767e-17
v_16_36: 1.37992e-16 1.17335e-16 1.67852e-16 1.18631e-16 3.49221e-16
v_16_37: -1.32987e-15 -1.1305e-15 -1.6181e-15 -1.14354e-15 -3.30233e-15
v_16_38: 7.06271e-17 6.00567e-17 8.59016e-17 6.07164e-17 1.74724e-16
v_16_39: 3.95301e-17 3.36158e-17 4.80903e-17 3.39827e-17 9.85885e-17
v_16_40: 3.6037e-17 3.06354e-17 4.38239e-17 3.0975e-17 9.01497e-17
v_16_41: 4.66519e-18 3.96808e-18 5.67076e-18 4.01263e-18 1.17473e-17
v_16_42: -4.0298e-15 -3.42541e-15 -4.90286e-15 -3.45939e-15 -1.00386e-14
v_16_43: 4.58015e-17 3.8975e-17 5.57179e-17 3.93832e-17 1.12965e-16
v_16_44: 1.54462e-17 1.31373e-17 1.87923e-17 1.32732e-17 3.7451e-17
v_16_45: 2.93283e-17 2.49524e-17 3.57162e-17 2.52271e-17 7.34983e-17
v_16_46: 2.15928e-18 1.83352e-18 2.62229e-18 1.84939e-18 5.70942e-18
v_16_47: 7.37089e-17 6.26666e-17 8.96387e-17 6.33733e-17 1.83927e-16
v_16_48: 2.53102e-17 2.15094e-17 3.08099e-17 2.17081e-17 6.33353e-17
v_16_49: 3.21512e-17 2.73978e-17 3.91106e-17 2.77408e-17 7.98848e-17
v_16_50: 2.50509e-17 2.13023e-17 3.04721e-17 2.15422e-17 6.10192e-17
